[Plate: phaeo plate effect 24]
Time [s]: 0
T[°C]: 25.8
2725	2655	2292	2512	2632	2568	2567	2586	2398	2584	2505	3086
2449	2101	2112	2122	2068	2062	2115	2044	2062	2107	2057	2660
2443	2096	2110	2093	2074	2101	2088	2085	2067	2078	2000	2558
2372	2055	2093	2057	2074	2061	2090	2042	2056	2037	2041	2597
2438	2049	2029	2080	2021	2022	2070	2032	2023	2036	2023	2563
2337	2041	2021	2037	2038	2060	2061	2033	2020	2025	2030	2623
2452	2095	2084	2061	2046	2062	2045	2070	2074	2101	2040	2662
2787	2484	2309	2423	2569	2442	2536	2496	2364	2408	2604	2810

Time [s]: 120
T[°C]: 25.8
2696	2613	2255	2501	2591	2515	2555	2537	2394	2524	2485	3014
2406	2075	2077	2095	2052	2088	2080	2037	2033	2087	2029	2608
2441	2084	2109	2068	2047	2097	2077	2060	2066	2034	1980	2556
2366	2036	2054	2021	2071	2047	2077	1997	2033	2034	2005	2572
2460	2034	2049	2056	2056	1994	2035	2004	2009	2003	2000	2557
2361	2040	2074	2046	2058	2065	2026	2022	2000	2013	2022	2615
2452	2064	2093	2045	2038	2069	2020	2042	2082	2077	2041	2660
2814	2523	2277	2396	2591	2504	2513	2534	2371	2443	2589	2838

Time [s]: 240
T[°C]: 25.8
2714	2616	2233	2477	2582	2514	2516	2530	2358	2503	2479	3051
2423	2079	2065	2071	2031	2061	2061	2030	2015	2087	2009	2616
2452	2052	2066	2073	2043	2071	2056	2062	2034	2014	1963	2528
2380	2054	2041	2031	2077	2025	2044	1990	2026	2002	2005	2593
2450	2064	2047	2053	2052	2035	2030	2015	1989	1987	2000	2589
2390	2052	2066	2050	2046	2059	2026	2013	2006	1998	2031	2632
2444	2067	2096	2064	2085	2041	2070	2065	2079	2108	2035	2681
2853	2519	2336	2451	2607	2532	2539	2531	2374	2446	2608	2888

Time [s]: 360
T[°C]: 25.8
2732	2613	2246	2488	2585	2515	2547	2535	2356	2503	2481	3032
2440	2044	2056	2062	2009	2045	2037	2007	1988	2078	2008	2613
2457	2030	2060	2051	2043	2054	2049	2048	2023	1989	1969	2522
2405	2026	2055	2019	2054	2021	2042	1997	2012	2006	1995	2582
2442	2024	2046	2075	2059	2026	2046	2004	2029	1988	1991	2579
2394	2057	2067	2057	2037	2063	2042	2027	2015	2017	2009	2652
2458	2063	2098	2090	2045	2035	2047	2054	2084	2078	2021	2701
2861	2559	2324	2459	2598	2543	2538	2541	2399	2475	2619	2897

Time [s]: 480
T[°C]: 25.8
2751	2613	2257	2486	2565	2507	2527	2533	2361	2507	2475	3057
2443	2039	2056	2036	1998	2008	2050	1984	1994	2064	1996	2600
2454	2012	2055	2026	2019	2034	2042	2036	2031	2002	1953	2541
2393	2009	2042	2001	2036	2000	2013	1972	2018	1996	1977	2607
2464	2024	2032	2049	2033	1987	2025	1993	2005	1997	1981	2595
2392	2049	2035	2038	2042	2053	2032	2014	2004	2009	2018	2653
2448	2071	2079	2063	2039	2027	2016	2028	2076	2066	2011	2712
2895	2541	2318	2439	2607	2510	2540	2548	2414	2465	2622	2907

Time [s]: 600
T[°C]: 25.9
2705	2597	2244	2456	2557	2492	2539	2525	2378	2510	2497	3060
2428	2033	2021	2030	2009	2010	2035	1995	1983	2074	1980	2623
2427	2026	2038	2035	2003	2032	2023	2022	2018	1979	1931	2543
2389	2003	2018	1982	2015	1988	2034	1964	1999	1981	1985	2600
2467	1996	2005	2011	2033	2004	2022	1967	1989	1969	1968	2584
2373	2038	2041	2027	2016	2037	2015	2001	1989	1986	2001	2641
2451	2045	2068	2068	2038	2029	2021	2033	2059	2054	2002	2703
2893	2567	2319	2455	2601	2524	2538	2525	2388	2474	2618	2926

Time [s]: 720
T[°C]: 25.9
2717	2581	2254	2468	2572	2522	2517	2545	2359	2501	2486	3082
2429	2026	2028	2036	1978	2002	2011	1985	1982	2065	1974	2615
2425	1997	2033	1991	1996	2027	2005	2002	1998	1970	1924	2545
2393	1977	2033	1990	2016	1988	2017	1991	2024	1972	1969	2606
2442	2015	1996	2024	2012	1996	2016	1972	1976	1992	1970	2603
2372	2016	2016	2019	2025	2034	2007	1997	1972	1982	1983	2651
2466	2033	2065	2057	2035	1993	2015	2031	2056	2053	2012	2722
2891	2541	2309	2455	2605	2513	2578	2536	2389	2468	2632	2938

Time [s]: 840
T[°C]: 25.9
2734	2593	2277	2463	2591	2480	2532	2537	2361	2496	2467	3064
2427	2013	2021	2010	1986	1987	2003	1958	1974	2067	1973	2601
2444	1990	2022	2002	2004	2024	2009	1991	1982	1978	1914	2536
2375	1994	2011	1966	2007	1985	2010	1947	1978	1966	1981	2612
2466	2002	2008	1998	2026	1992	2016	1972	1969	1959	1973	2581
2390	2012	2013	2024	2014	2022	2005	1983	1969	1996	1987	2658
2446	2044	2046	2049	2031	2009	2001	2020	2045	2045	2004	2706
2911	2565	2332	2447	2594	2531	2539	2524	2384	2471	2636	2914

Time [s]: 960
T[°C]: 25.9
2710	2567	2232	2449	2581	2502	2516	2540	2369	2490	2470	3069
2421	1993	2028	2007	1953	1989	1997	1975	1964	2028	1947	2638
2446	1989	2005	1981	1972	1996	2002	1990	1989	1982	1916	2556
2378	1964	2014	1963	1995	1985	1990	1954	1985	1963	1978	2625
2432	1985	1998	1988	1996	1983	2005	1946	1962	1948	1943	2628
2377	1977	2000	2023	1987	1996	1993	1991	1961	1978	1981	2661
2456	2042	2044	2027	2028	1989	2002	2026	2039	2024	1986	2704
2910	2541	2329	2453	2591	2528	2555	2523	2391	2483	2623	2929

Time [s]: 1080
T[°C]: 25.9
2692	2584	2220	2436	2563	2500	2511	2519	2358	2470	2473	3079
2429	1973	2008	2001	1951	1966	1982	1947	1946	2038	1961	2637
2430	1983	1990	1984	1945	1971	1989	1980	1977	1952	1911	2559
2382	1950	2000	1960	1989	1967	1980	1935	1972	1951	1952	2613
2447	1969	1990	2020	2012	1962	1984	1950	1961	1948	1939	2599
2360	2018	2015	2013	1985	1997	1989	1969	1960	1971	1993	2668
2448	2010	2044	2012	1990	1976	2000	1997	2033	2030	1972	2710
2915	2565	2323	2434	2613	2526	2555	2539	2399	2467	2637	2935

Time [s]: 1200
T[°C]: 25.9
2714	2546	2211	2420	2554	2505	2524	2514	2374	2506	2481	3080
2424	1962	1998	1972	1951	1958	1972	1944	1954	2009	1934	2613
2429	1974	1983	1988	1944	1976	1979	1971	1967	1949	1899	2553
2366	1945	1982	1958	1993	1982	1983	1941	1970	1929	1946	2606
2451	1950	1988	1989	1994	1958	1976	1950	1932	1931	1944	2596
2372	1982	1995	1972	1987	1975	1968	1935	1936	1953	1969	2652
2408	2023	2025	2006	1987	1962	1983	1993	2008	2024	1971	2723
2913	2567	2309	2441	2623	2519	2553	2512	2385	2470	2605	2932

Time [s]: 1320
T[°C]: 25.9
2693	2567	2226	2438	2572	2475	2511	2538	2338	2470	2463	3077
2404	1952	1968	1968	1947	1927	1969	1928	1932	2029	1925	2618
2441	1976	1965	1974	1934	1984	1980	1952	1972	1940	1890	2542
2382	1929	1963	1961	1971	1961	1971	1908	1954	1956	1918	2603
2454	1954	1995	1993	1967	1948	1955	1946	1947	1948	1919	2583
2373	1983	1980	1982	1985	1973	1957	1957	1932	1961	1974	2654
2433	2009	2008	2004	1984	1950	1966	1979	2018	2017	1974	2712
2929	2566	2326	2449	2599	2526	2535	2508	2400	2466	2633	2951

Time [s]: 1440
T[°C]: 25.9
2711	2561	2222	2402	2549	2492	2496	2496	2333	2472	2465	3086
2391	1948	1970	1956	1909	1943	1954	1918	1936	2022	1948	2628
2420	1954	1969	1968	1939	1960	1958	1930	1939	1926	1886	2545
2341	1932	1980	1943	1962	1930	1965	1899	1931	1929	1906	2579
2433	1947	1951	1981	1958	1945	1949	1932	1928	1928	1920	2598
2352	1959	1957	1983	1956	1975	1959	1942	1929	1939	1944	2656
2433	1986	1999	1989	1983	1952	1967	1963	2013	2013	1958	2711
2926	2569	2334	2426	2597	2514	2553	2496	2395	2463	2626	2973

Time [s]: 1560
T[°C]: 26.0
2720	2532	2217	2420	2532	2451	2515	2482	2349	2454	2450	3061
2389	1968	1972	1970	1920	1923	1948	1900	1912	1998	1933	2599
2430	1941	1950	1959	1926	1936	1986	1927	1944	1943	1869	2535
2382	1937	1966	1918	1942	1953	1951	1906	1946	1921	1927	2613
2429	1927	1963	1958	1955	1934	1943	1911	1920	1911	1916	2601
2373	1953	1970	1957	1964	1952	1958	1931	1935	1943	1950	2644
2441	1985	1999	1978	1964	1944	1968	1962	2023	2001	1958	2716
2923	2574	2330	2456	2606	2504	2556	2536	2399	2473	2610	2961

Time [s]: 1680
T[°C]: 26.0
2717	2553	2188	2410	2558	2492	2489	2513	2344	2450	2460	3079
2394	1940	1966	1934	1880	1924	1942	1915	1892	1990	1908	2603
2417	1941	1935	1943	1930	1924	1946	1926	1934	1903	1872	2545
2367	1895	1941	1924	1920	1920	1930	1883	1940	1888	1904	2592
2451	1919	1944	1929	1915	1934	1928	1902	1916	1912	1907	2568
2362	1954	1942	1947	1938	1955	1951	1940	1919	1917	1949	2663
2429	1974	1998	1983	1967	1918	1957	1948	2002	1992	1941	2675
2945	2570	2313	2440	2595	2526	2541	2526	2388	2452	2623	2953

Time [s]: 1800
T[°C]: 26.1
2716	2544	2206	2420	2526	2466	2502	2489	2334	2466	2464	3073
2393	1933	1948	1927	1891	1917	1913	1895	1905	1988	1922	2627
2413	1918	1926	1939	1909	1961	1942	1923	1917	1902	1851	2537
2361	1897	1940	1893	1930	1898	1939	1898	1898	1894	1921	2609
2415	1928	1938	1938	1915	1916	1923	1909	1895	1898	1904	2592
2354	1935	1907	1950	1957	1940	1923	1920	1884	1928	1930	2665
2417	1956	1975	1952	1952	1924	1930	1966	2010	1984	1954	2727
2943	2561	2328	2431	2608	2505	2549	2522	2396	2459	2614	2970

Time [s]: 1920
T[°C]: 26.1
2717	2538	2213	2400	2520	2464	2493	2499	2330	2436	2452	3076
2390	1938	1938	1925	1884	1897	1905	1904	1887	1987	1891	2631
2401	1907	1921	1931	1900	1923	1941	1906	1914	1891	1845	2508
2376	1891	1931	1893	1926	1887	1917	1873	1899	1888	1893	2605
2421	1909	1924	1945	1925	1913	1913	1879	1892	1895	1880	2614
2336	1934	1917	1915	1927	1930	1918	1927	1896	1919	1928	2659
2422	1953	1972	1953	1916	1921	1927	1938	1989	1986	1943	2687
2906	2561	2316	2467	2598	2521	2547	2523	2390	2452	2640	2978

Time [s]: 2040
T[°C]: 26.1
2694	2536	2170	2392	2524	2439	2491	2473	2309	2451	2442	3094
2407	1914	1943	1920	1876	1880	1902	1867	1873	1958	1874	2620
2405	1902	1915	1922	1900	1891	1921	1914	1908	1886	1841	2541
2346	1884	1920	1900	1908	1884	1905	1866	1894	1890	1890	2608
2433	1914	1922	1925	1922	1902	1905	1888	1877	1886	1872	2605
2348	1931	1911	1924	1920	1924	1902	1916	1885	1894	1932	2660
2428	1947	1957	1947	1932	1908	1927	1924	1975	1978	1920	2708
2944	2552	2322	2431	2606	2494	2537	2517	2380	2471	2620	2966

Time [s]: 2160
T[°C]: 26.1
2709	2542	2181	2378	2521	2452	2481	2479	2316	2433	2436	3087
2362	1901	1912	1899	1866	1887	1917	1852	1883	1958	1900	2623
2430	1914	1903	1903	1884	1888	1932	1892	1896	1883	1841	2544
2341	1861	1905	1868	1896	1884	1908	1852	1882	1865	1876	2598
2427	1891	1917	1905	1908	1877	1910	1865	1876	1869	1871	2585
2339	1915	1900	1895	1910	1901	1913	1895	1865	1884	1918	2659
2426	1934	1934	1939	1916	1896	1899	1906	1952	1978	1903	2712
2923	2566	2304	2421	2596	2530	2521	2523	2386	2458	2624	2972

Time [s]: 2280
T[°C]: 26.1
2716	2507	2194	2375	2523	2437	2467	2469	2307	2429	2448	3070
2407	1881	1915	1889	1847	1882	1900	1845	1877	1963	1863	2600
2381	1883	1908	1899	1869	1905	1905	1880	1879	1870	1822	2533
2346	1853	1907	1879	1874	1875	1894	1845	1884	1851	1874	2573
2403	1856	1903	1926	1903	1868	1876	1879	1877	1859	1875	2576
2361	1908	1896	1898	1906	1900	1892	1878	1857	1884	1904	2653
2437	1913	1917	1930	1920	1883	1902	1911	1973	1960	1903	2715
2939	2582	2300	2443	2585	2516	2551	2535	2375	2457	2616	2987

Time [s]: 2400
T[°C]: 26.2
2695	2505	2187	2365	2512	2443	2472	2475	2305	2414	2419	3073
2385	1857	1883	1892	1848	1862	1890	1851	1851	1950	1864	2603
2392	1883	1885	1880	1864	1875	1896	1878	1878	1859	1802	2535
2364	1846	1895	1855	1880	1883	1886	1849	1886	1857	1868	2577
2429	1869	1870	1921	1887	1870	1876	1848	1850	1850	1842	2591
2342	1889	1874	1900	1895	1905	1880	1883	1848	1876	1882	2650
2413	1913	1946	1922	1896	1863	1902	1919	1951	1929	1913	2706
2923	2573	2306	2427	2585	2529	2552	2528	2383	2451	2621	2985

Time [s]: 2520
T[°C]: 26.2
2706	2489	2178	2356	2489	2455	2486	2457	2296	2424	2431	3087
2366	1851	1904	1888	1846	1848	1861	1831	1842	1951	1852	2593
2396	1862	1870	1881	1854	1842	1899	1867	1862	1842	1793	2523
2342	1838	1891	1835	1866	1847	1879	1824	1874	1850	1863	2583
2402	1845	1874	1898	1868	1839	1878	1848	1846	1831	1844	2601
2360	1882	1876	1891	1882	1885	1862	1841	1837	1863	1887	2629
2433	1904	1930	1918	1899	1893	1885	1884	1939	1937	1897	2694
2937	2569	2297	2430	2601	2521	2535	2529	2373	2447	2630	2977

Time [s]: 2640
T[°C]: 26.2
2702	2529	2164	2360	2501	2450	2475	2473	2285	2404	2431	3074
2384	1842	1865	1863	1824	1828	1863	1829	1815	1934	1833	2594
2393	1864	1863	1863	1838	1859	1880	1860	1849	1837	1802	2534
2342	1835	1876	1833	1861	1848	1862	1818	1849	1853	1836	2595
2392	1849	1864	1872	1859	1846	1859	1838	1831	1835	1836	2588
2338	1890	1878	1882	1868	1863	1873	1850	1833	1866	1873	2643
2437	1892	1895	1894	1875	1868	1878	1886	1929	1965	1867	2689
2938	2586	2289	2420	2601	2523	2526	2524	2391	2475	2622	2979

Time [s]: 2760
T[°C]: 26.3
2691	2503	2186	2362	2494	2450	2468	2463	2292	2415	2423	3096
2353	1851	1870	1863	1823	1850	1857	1825	1826	1941	1838	2619
2376	1855	1828	1873	1837	1875	1897	1840	1855	1858	1775	2520
2369	1833	1855	1813	1865	1849	1846	1818	1840	1822	1844	2608
2412	1830	1870	1864	1864	1841	1869	1834	1823	1848	1834	2600
2351	1861	1853	1849	1861	1869	1846	1842	1827	1857	1865	2653
2423	1877	1915	1897	1877	1857	1869	1877	1930	1927	1878	2691
2937	2578	2289	2415	2571	2511	2533	2525	2371	2470	2618	2993

Time [s]: 2880
T[°C]: 26.3
2675	2507	2174	2343	2493	2421	2453	2449	2299	2405	2421	3084
2367	1847	1871	1851	1807	1833	1841	1819	1825	1913	1825	2596
2383	1836	1835	1844	1844	1848	1861	1839	1832	1833	1784	2540
2345	1832	1859	1837	1857	1850	1854	1810	1836	1822	1839	2584
2393	1819	1844	1858	1845	1833	1856	1826	1801	1818	1837	2596
2325	1853	1864	1858	1850	1850	1854	1849	1836	1858	1861	2639
2427	1886	1893	1887	1876	1839	1865	1861	1914	1928	1870	2682
2926	2566	2289	2420	2589	2519	2550	2499	2382	2459	2614	2980

Time [s]: 3000
T[°C]: 26.3
2682	2472	2181	2329	2511	2425	2447	2439	2290	2403	2407	3081
2356	1821	1858	1853	1808	1833	1833	1803	1805	1911	1822	2601
2392	1829	1844	1841	1844	1837	1848	1830	1835	1822	1788	2522
2339	1811	1838	1819	1845	1833	1838	1795	1839	1815	1815	2582
2385	1833	1852	1842	1834	1834	1840	1795	1800	1805	1829	2599
2350	1869	1821	1857	1847	1886	1839	1836	1827	1831	1857	2627
2417	1877	1895	1893	1857	1838	1860	1845	1910	1908	1853	2699
2948	2558	2297	2438	2597	2493	2526	2505	2368	2439	2605	2974

Time [s]: 3120
T[°C]: 26.3
2661	2465	2158	2329	2474	2415	2444	2454	2281	2389	2414	3085
2352	1812	1847	1824	1789	1818	1819	1803	1813	1907	1807	2598
2371	1823	1819	1840	1820	1831	1842	1818	1828	1816	1754	2542
2332	1804	1845	1808	1828	1820	1850	1787	1832	1805	1808	2566
2385	1813	1841	1860	1839	1824	1824	1809	1813	1794	1812	2610
2328	1831	1828	1845	1843	1847	1833	1828	1811	1814	1860	2660
2417	1871	1879	1873	1845	1835	1857	1862	1919	1920	1856	2704
2955	2563	2303	2404	2576	2527	2534	2527	2358	2459	2606	2989

Time [s]: 3240
T[°C]: 26.3
2665	2482	2165	2334	2471	2422	2454	2465	2258	2373	2398	3093
2357	1806	1844	1821	1790	1816	1827	1788	1797	1906	1791	2575
2374	1810	1823	1817	1806	1811	1864	1812	1822	1816	1760	2546
2343	1782	1837	1817	1829	1826	1833	1784	1822	1810	1812	2575
2396	1808	1824	1834	1827	1802	1824	1801	1789	1795	1818	2591
2319	1836	1838	1834	1833	1851	1808	1822	1798	1817	1852	2650
2411	1854	1867	1855	1826	1835	1846	1849	1889	1911	1847	2685
2948	2598	2315	2422	2583	2503	2539	2523	2369	2450	2611	3004

Time [s]: 3360
T[°C]: 26.3
2691	2476	2144	2320	2479	2425	2446	2444	2256	2399	2420	3068
2345	1805	1826	1823	1789	1797	1822	1796	1795	1874	1801	2600
2355	1829	1834	1790	1800	1813	1848	1816	1811	1802	1764	2514
2328	1786	1815	1796	1828	1778	1825	1761	1816	1813	1789	2585
2394	1802	1823	1828	1824	1795	1826	1794	1793	1791	1803	2599
2319	1838	1815	1830	1854	1829	1800	1825	1793	1823	1846	2624
2397	1856	1844	1860	1825	1838	1837	1832	1895	1888	1846	2693
2970	2554	2271	2407	2590	2515	2538	2511	2367	2440	2597	2979

Time [s]: 3480
T[°C]: 26.4
2689	2467	2145	2312	2464	2403	2446	2442	2269	2379	2436	3069
2377	1784	1819	1812	1756	1802	1791	1771	1775	1883	1791	2574
2379	1801	1797	1797	1795	1817	1840	1810	1818	1805	1752	2508
2339	1781	1797	1784	1807	1789	1808	1757	1795	1800	1807	2561
2369	1793	1805	1820	1807	1785	1815	1783	1771	1785	1798	2574
2335	1801	1806	1812	1822	1809	1813	1823	1806	1799	1820	2636
2402	1835	1847	1830	1816	1801	1825	1846	1869	1896	1819	2656
2932	2551	2279	2433	2575	2493	2532	2511	2348	2451	2582	2975

Time [s]: 3600
T[°C]: 26.4
2684	2460	2131	2316	2480	2407	2428	2415	2263	2377	2397	3066
2338	1802	1814	1812	1762	1787	1799	1770	1770	1867	1783	2575
2363	1794	1812	1819	1774	1790	1839	1790	1802	1794	1742	2540
2338	1770	1791	1767	1797	1785	1819	1772	1800	1778	1766	2575
2388	1788	1798	1802	1794	1782	1783	1759	1774	1773	1788	2580
2309	1799	1802	1816	1805	1822	1813	1785	1785	1791	1828	2626
2418	1833	1857	1846	1806	1814	1815	1819	1865	1876	1835	2684
2957	2573	2288	2392	2575	2492	2552	2506	2365	2426	2601	2983

Time [s]: 3720
T[°C]: 26.4
2677	2467	2141	2297	2448	2417	2432	2416	2258	2358	2406	3061
2322	1798	1813	1789	1739	1765	1783	1754	1775	1873	1767	2583
2373	1787	1787	1777	1761	1791	1810	1782	1785	1769	1743	2527
2326	1753	1795	1771	1785	1772	1806	1768	1784	1777	1793	2590
2365	1760	1805	1822	1778	1773	1773	1752	1769	1769	1779	2564
2309	1811	1774	1792	1802	1792	1797	1794	1768	1779	1825	2636
2414	1813	1827	1833	1822	1800	1832	1808	1859	1878	1821	2684
2951	2564	2286	2436	2552	2496	2515	2501	2380	2462	2583	2981

Time [s]: 3840
T[°C]: 26.4
2669	2466	2111	2293	2466	2401	2427	2431	2251	2360	2386	3093
2344	1767	1814	1806	1751	1777	1784	1742	1750	1849	1758	2592
2356	1786	1784	1795	1760	1792	1803	1776	1780	1775	1720	2506
2316	1748	1801	1742	1783	1769	1794	1745	1776	1760	1767	2578
2362	1761	1784	1785	1785	1781	1777	1762	1757	1769	1770	2594
2333	1790	1774	1785	1799	1808	1793	1789	1766	1800	1818	2622
2420	1822	1829	1821	1815	1771	1785	1805	1856	1863	1809	2654
2953	2558	2289	2403	2570	2500	2525	2496	2367	2440	2611	2988

Time [s]: 3960
T[°C]: 26.4
2659	2448	2135	2291	2449	2385	2425	2393	2244	2352	2390	3093
2326	1768	1792	1786	1743	1763	1774	1757	1757	1866	1761	2564
2367	1743	1759	1778	1740	1757	1799	1781	1754	1756	1712	2510
2318	1746	1755	1742	1782	1754	1770	1737	1771	1748	1762	2571
2361	1767	1783	1802	1777	1761	1783	1738	1758	1749	1770	2547
2317	1791	1752	1782	1777	1789	1782	1760	1761	1771	1811	2618
2402	1804	1816	1822	1791	1749	1803	1800	1855	1845	1800	2685
2957	2568	2279	2383	2564	2503	2541	2494	2357	2436	2577	2985

Time [s]: 4080
T[°C]: 26.5
2650	2469	2110	2287	2440	2381	2409	2386	2249	2347	2393	3105
2332	1747	1776	1754	1719	1742	1765	1730	1746	1854	1751	2571
2337	1769	1761	1772	1753	1756	1769	1742	1787	1766	1710	2489
2315	1722	1753	1735	1779	1756	1773	1728	1766	1768	1753	2574
2368	1750	1760	1769	1767	1737	1766	1739	1741	1743	1760	2555
2296	1784	1755	1790	1753	1783	1779	1764	1751	1785	1808	2625
2401	1782	1816	1804	1778	1763	1802	1805	1836	1843	1806	2672
2961	2560	2284	2415	2561	2483	2517	2500	2337	2461	2597	2968

Time [s]: 4200
T[°C]: 26.5
2666	2441	2117	2280	2441	2392	2392	2393	2243	2333	2386	3118
2330	1761	1769	1755	1719	1731	1752	1738	1731	1842	1743	2579
2356	1749	1758	1756	1739	1755	1773	1765	1750	1757	1716	2493
2303	1719	1763	1729	1750	1726	1762	1711	1750	1761	1739	2552
2343	1734	1778	1773	1764	1744	1753	1729	1724	1741	1775	2576
2329	1761	1754	1775	1762	1796	1760	1754	1739	1766	1797	2602
2380	1801	1797	1801	1778	1775	1764	1778	1832	1841	1811	2663
2959	2524	2275	2397	2544	2496	2511	2473	2340	2441	2610	2995

Time [s]: 4320
T[°C]: 26.5
2655	2430	2120	2278	2442	2370	2422	2401	2222	2316	2405	3102
2335	1760	1763	1751	1714	1749	1748	1719	1723	1804	1754	2579
2358	1728	1758	1763	1733	1759	1769	1745	1752	1723	1713	2501
2300	1690	1757	1725	1759	1750	1754	1731	1740	1761	1743	2549
2356	1730	1739	1754	1753	1716	1748	1714	1726	1749	1753	2591
2291	1785	1748	1762	1743	1759	1757	1754	1722	1754	1785	2599
2396	1796	1805	1795	1770	1773	1766	1789	1843	1847	1769	2639
2970	2550	2271	2409	2576	2488	2501	2500	2345	2422	2584	3000

Time [s]: 4440
T[°C]: 26.6
2657	2417	2112	2263	2456	2373	2403	2396	2229	2332	2368	3078
2298	1709	1761	1736	1706	1737	1735	1733	1709	1819	1735	2555
2348	1727	1734	1750	1714	1749	1776	1737	1746	1735	1687	2503
2313	1707	1753	1693	1735	1728	1730	1701	1731	1729	1723	2573
2366	1726	1731	1746	1723	1726	1735	1707	1724	1724	1735	2578
2292	1759	1740	1768	1749	1765	1733	1748	1731	1742	1776	2610
2375	1781	1785	1793	1758	1745	1772	1768	1835	1827	1780	2639
2968	2542	2273	2415	2548	2482	2513	2468	2356	2433	2590	3012

Time [s]: 4560
T[°C]: 26.6
2667	2415	2119	2276	2432	2356	2408	2387	2240	2340	2397	3083
2315	1732	1748	1726	1677	1700	1721	1710	1717	1820	1712	2556
2350	1724	1729	1747	1715	1713	1761	1726	1731	1717	1698	2489
2289	1677	1728	1687	1749	1725	1742	1698	1736	1721	1734	2551
2384	1708	1725	1735	1710	1728	1734	1713	1716	1702	1739	2564
2303	1756	1734	1750	1732	1747	1723	1748	1714	1728	1766	2616
2380	1764	1779	1774	1750	1744	1757	1759	1821	1828	1769	2666
2958	2547	2268	2383	2582	2492	2497	2477	2360	2420	2580	2988

Time [s]: 4680
T[°C]: 26.6
2648	2426	2101	2258	2403	2367	2400	2384	2228	2325	2396	3103
2338	1734	1752	1726	1676	1706	1720	1698	1697	1818	1719	2591
2352	1722	1735	1727	1699	1716	1738	1718	1740	1715	1675	2504
2296	1683	1729	1699	1750	1719	1713	1688	1723	1706	1715	2571
2341	1728	1727	1741	1718	1705	1707	1689	1692	1706	1720	2551
2280	1746	1730	1757	1744	1731	1721	1729	1708	1738	1773	2586
2375	1773	1767	1778	1740	1743	1746	1746	1802	1821	1770	2660
2952	2532	2255	2391	2561	2475	2523	2482	2332	2417	2574	2998

Time [s]: 4800
T[°C]: 26.6
2652	2414	2090	2250	2420	2371	2381	2363	2210	2331	2378	3103
2318	1721	1743	1733	1687	1702	1734	1690	1697	1815	1708	2568
2349	1705	1707	1720	1691	1715	1739	1722	1704	1715	1654	2494
2303	1688	1735	1681	1730	1720	1737	1694	1703	1711	1717	2545
2332	1685	1737	1730	1709	1700	1734	1685	1703	1695	1709	2538
2283	1725	1718	1729	1737	1749	1711	1698	1700	1694	1756	2597
2396	1756	1745	1755	1745	1709	1736	1740	1783	1816	1767	2638
2943	2519	2242	2377	2546	2459	2486	2500	2330	2427	2562	3006

Time [s]: 4920
T[°C]: 26.6
2654	2413	2102	2248	2423	2359	2399	2372	2227	2315	2377	3093
2296	1699	1721	1704	1661	1699	1702	1681	1684	1794	1681	2569
2326	1690	1707	1708	1687	1712	1721	1703	1711	1714	1637	2477
2298	1664	1697	1686	1723	1698	1716	1693	1700	1693	1713	2548
2356	1678	1726	1702	1704	1703	1719	1688	1701	1691	1698	2536
2275	1717	1687	1730	1733	1724	1717	1704	1687	1733	1729	2606
2381	1729	1762	1780	1741	1716	1717	1735	1800	1811	1757	2640
2952	2525	2258	2381	2556	2465	2496	2482	2317	2409	2569	2969

Time [s]: 5040
T[°C]: 26.7
2647	2386	2110	2243	2429	2364	2363	2385	2207	2317	2386	3101
2290	1686	1709	1708	1660	1686	1687	1657	1686	1793	1688	2561
2334	1701	1702	1674	1689	1691	1722	1702	1719	1693	1645	2495
2288	1678	1689	1652	1729	1666	1710	1670	1708	1669	1698	2548
2336	1695	1707	1708	1696	1671	1695	1674	1681	1690	1689	2560
2282	1702	1681	1703	1701	1711	1702	1718	1692	1705	1732	2585
2369	1735	1757	1753	1721	1709	1722	1739	1792	1792	1729	2660
2964	2528	2275	2399	2548	2459	2510	2492	2297	2421	2573	2989

Time [s]: 5160
T[°C]: 26.7
2647	2398	2078	2238	2388	2344	2374	2355	2201	2285	2373	3096
2312	1686	1711	1686	1651	1675	1707	1672	1685	1768	1677	2568
2313	1674	1694	1692	1677	1699	1720	1699	1690	1687	1645	2504
2295	1631	1702	1661	1710	1683	1709	1639	1693	1696	1683	2574
2341	1681	1681	1699	1684	1674	1695	1684	1673	1685	1716	2552
2281	1727	1695	1723	1688	1712	1700	1696	1662	1675	1735	2617
2385	1748	1732	1758	1718	1690	1729	1738	1787	1783	1724	2653
2940	2539	2245	2369	2543	2434	2498	2466	2325	2415	2546	2975

Time [s]: 5280
T[°C]: 26.7
2661	2387	2066	2228	2403	2337	2383	2357	2195	2292	2348	3094
2278	1681	1695	1688	1623	1668	1682	1655	1662	1788	1669	2537
2312	1676	1687	1664	1652	1683	1695	1669	1681	1694	1649	2486
2279	1659	1668	1630	1693	1682	1691	1649	1678	1683	1685	2542
2326	1669	1683	1702	1698	1672	1695	1653	1693	1650	1694	2558
2277	1714	1675	1697	1691	1709	1678	1682	1668	1684	1717	2602
2359	1714	1729	1709	1698	1685	1700	1716	1780	1763	1712	2631
2935	2540	2271	2382	2520	2448	2481	2458	2294	2420	2583	2988

Time [s]: 5400
T[°C]: 26.8
2633	2395	2078	2222	2344	2343	2369	2342	2192	2297	2353	3094
2273	1670	1700	1683	1655	1662	1666	1659	1678	1760	1671	2559
2305	1690	1674	1659	1636	1655	1689	1679	1678	1677	1624	2494
2273	1623	1669	1655	1682	1670	1683	1638	1676	1665	1692	2557
2330	1630	1673	1695	1670	1657	1651	1673	1665	1655	1684	2537
2262	1698	1665	1690	1696	1690	1685	1677	1662	1680	1729	2595
2375	1712	1735	1729	1692	1669	1721	1724	1745	1784	1704	2623
2955	2536	2256	2368	2544	2443	2477	2456	2313	2396	2560	2953

Time [s]: 5520
T[°C]: 26.8
2628	2392	2067	2208	2372	2322	2339	2342	2187	2299	2352	3067
2274	1663	1677	1675	1639	1647	1677	1632	1643	1744	1676	2538
2306	1647	1671	1664	1641	1670	1670	1669	1681	1670	1625	2476
2286	1618	1675	1641	1659	1661	1669	1621	1668	1675	1650	2506
2316	1644	1671	1667	1668	1640	1652	1624	1648	1648	1665	2519
2263	1695	1657	1684	1671	1681	1664	1668	1653	1671	1707	2592
2353	1700	1725	1717	1680	1677	1697	1709	1742	1759	1707	2626
2951	2520	2251	2354	2530	2461	2483	2458	2303	2388	2528	2998

Time [s]: 5640
T[°C]: 26.8
2625	2378	2075	2214	2385	2329	2343	2336	2186	2276	2346	3060
2272	1648	1682	1660	1623	1638	1660	1620	1644	1748	1647	2549
2304	1651	1651	1660	1635	1658	1672	1650	1654	1646	1613	2455
2270	1632	1661	1622	1654	1650	1662	1620	1663	1639	1665	2512
2302	1628	1653	1683	1655	1635	1653	1637	1640	1628	1645	2519
2251	1682	1644	1654	1656	1676	1644	1676	1649	1663	1688	2578
2350	1697	1724	1723	1660	1676	1703	1691	1745	1770	1691	2627
2952	2489	2218	2358	2523	2444	2470	2449	2303	2402	2565	2964

Time [s]: 5760
T[°C]: 26.8
2623	2378	2068	2189	2353	2329	2345	2336	2181	2271	2340	3053
2287	1659	1650	1657	1615	1646	1659	1614	1617	1753	1651	2540
2308	1622	1653	1636	1623	1647	1682	1649	1655	1652	1613	2478
2266	1592	1640	1617	1674	1632	1662	1610	1650	1648	1656	2530
2309	1628	1657	1667	1641	1629	1652	1615	1646	1641	1651	2543
2236	1664	1643	1664	1659	1671	1659	1660	1622	1654	1691	2567
2341	1699	1702	1706	1651	1645	1685	1679	1744	1740	1696	2627
2942	2502	2245	2344	2511	2459	2474	2455	2289	2359	2540	2976

Time [s]: 5880
T[°C]: 26.8
2630	2384	2048	2204	2362	2317	2319	2327	2161	2268	2350	3054
2271	1643	1650	1631	1591	1621	1640	1610	1627	1729	1630	2508
2297	1639	1651	1613	1612	1656	1666	1632	1641	1636	1596	2479
2239	1610	1626	1610	1641	1625	1658	1597	1653	1629	1633	2525
2312	1621	1646	1645	1653	1622	1632	1611	1619	1622	1650	2529
2243	1669	1608	1651	1667	1661	1658	1665	1609	1645	1687	2574
2345	1692	1680	1700	1665	1650	1663	1682	1738	1745	1697	2613
2938	2496	2192	2359	2519	2462	2476	2456	2307	2393	2537	2961

Time [s]: 6000
T[°C]: 26.8
2631	2347	2044	2187	2364	2313	2335	2311	2170	2263	2342	3056
2260	1617	1656	1644	1604	1624	1629	1603	1616	1718	1621	2515
2296	1613	1632	1644	1617	1621	1650	1634	1648	1632	1598	2485
2258	1593	1629	1593	1640	1615	1637	1604	1617	1627	1621	2520
2283	1606	1625	1640	1632	1620	1629	1614	1624	1614	1625	2517
2238	1679	1622	1653	1639	1657	1651	1646	1630	1643	1694	2568
2356	1677	1687	1675	1652	1645	1663	1663	1729	1761	1682	2617
2956	2490	2225	2368	2523	2444	2467	2439	2299	2403	2538	2974

Time [s]: 6120
T[°C]: 26.8
2636	2360	2038	2197	2366	2311	2335	2330	2179	2234	2349	3069
2249	1609	1632	1614	1601	1607	1619	1604	1623	1735	1634	2535
2289	1600	1618	1610	1597	1608	1631	1638	1642	1628	1574	2457
2255	1580	1627	1589	1639	1618	1643	1600	1635	1621	1615	2518
2292	1603	1621	1627	1598	1599	1625	1614	1607	1603	1629	2526
2236	1652	1595	1645	1630	1639	1632	1639	1620	1643	1687	2562
2337	1675	1692	1691	1650	1636	1647	1681	1724	1740	1666	2621
2954	2504	2223	2346	2507	2459	2465	2452	2273	2378	2514	2961

Time [s]: 6240
T[°C]: 26.9
2631	2322	2036	2161	2334	2308	2324	2317	2168	2244	2347	3055
2287	1607	1645	1617	1591	1590	1623	1586	1602	1717	1628	2533
2285	1610	1610	1615	1584	1621	1642	1629	1647	1622	1593	2443
2231	1578	1616	1589	1608	1602	1635	1605	1620	1622	1616	2503
2299	1605	1622	1630	1616	1612	1640	1591	1597	1614	1630	2540
2231	1649	1620	1641	1628	1634	1638	1637	1614	1628	1677	2569
2341	1665	1657	1675	1657	1631	1653	1669	1732	1742	1673	2618
2941	2490	2182	2334	2489	2427	2456	2455	2301	2372	2525	2972

Time [s]: 6360
T[°C]: 26.9
2626	2363	2038	2177	2350	2288	2322	2315	2136	2255	2336	3059
2247	1595	1628	1620	1577	1606	1601	1589	1590	1734	1608	2510
2291	1604	1618	1613	1584	1611	1630	1618	1622	1615	1581	2458
2238	1573	1609	1560	1614	1609	1606	1592	1633	1614	1616	2506
2295	1577	1627	1621	1624	1597	1621	1579	1593	1591	1618	2522
2242	1633	1609	1624	1627	1647	1626	1620	1594	1631	1676	2558
2320	1655	1663	1671	1625	1614	1645	1653	1704	1723	1658	2605
2927	2496	2218	2358	2511	2445	2436	2437	2276	2392	2525	2957

Time [s]: 6480
T[°C]: 26.9
2620	2325	2032	2169	2309	2292	2314	2315	2132	2220	2339	3051
2253	1597	1614	1629	1577	1587	1624	1584	1585	1707	1611	2519
2280	1584	1592	1589	1603	1614	1628	1611	1625	1614	1565	2437
2240	1567	1596	1583	1605	1581	1612	1571	1599	1594	1597	2512
2310	1583	1609	1617	1588	1582	1591	1574	1584	1596	1621	2492
2237	1618	1602	1612	1641	1620	1606	1612	1598	1589	1662	2564
2325	1651	1668	1658	1597	1606	1641	1644	1710	1707	1632	2600
2937	2491	2208	2362	2485	2442	2458	2404	2273	2373	2525	2976

Time [s]: 6600
T[°C]: 26.9
2608	2333	2032	2165	2341	2276	2294	2325	2157	2240	2336	3046
2248	1581	1618	1607	1569	1602	1606	1566	1568	1695	1597	2513
2274	1579	1589	1599	1573	1599	1604	1596	1619	1593	1565	2445
2241	1552	1587	1575	1614	1581	1596	1562	1591	1605	1626	2503
2279	1574	1584	1612	1585	1589	1613	1556	1593	1578	1608	2537
2224	1610	1608	1613	1593	1615	1601	1628	1579	1601	1653	2556
2326	1640	1641	1637	1631	1598	1636	1647	1692	1695	1640	2581
2930	2482	2214	2350	2506	2437	2445	2442	2277	2369	2521	2940

Time [s]: 6720
T[°C]: 26.9
2610	2321	2028	2155	2300	2296	2295	2305	2136	2211	2327	3058
2249	1585	1603	1589	1555	1574	1605	1568	1575	1669	1591	2505
2275	1587	1572	1584	1580	1597	1612	1579	1618	1594	1545	2436
2233	1558	1588	1568	1609	1581	1602	1558	1586	1586	1581	2508
2256	1572	1592	1580	1577	1585	1595	1568	1571	1581	1606	2525
2227	1625	1591	1610	1609	1604	1597	1609	1589	1593	1650	2529
2320	1628	1632	1644	1631	1600	1634	1654	1697	1712	1628	2602
2906	2468	2200	2345	2491	2417	2458	2446	2267	2372	2533	2953

Time [s]: 6840
T[°C]: 26.9
2604	2314	2037	2149	2317	2280	2296	2295	2123	2234	2292	3043
2246	1574	1613	1593	1543	1571	1599	1555	1558	1682	1595	2481
2260	1578	1597	1588	1559	1584	1595	1589	1588	1588	1554	2454
2231	1543	1570	1543	1607	1583	1603	1557	1581	1603	1598	2519
2275	1551	1581	1603	1579	1585	1586	1550	1554	1571	1591	2525
2213	1611	1593	1605	1594	1603	1595	1608	1568	1599	1636	2539
2320	1626	1620	1645	1610	1601	1607	1626	1662	1694	1627	2613
2935	2496	2219	2320	2496	2416	2428	2442	2274	2368	2519	2953

Time [s]: 6960
T[°C]: 26.9
2614	2339	2005	2150	2311	2247	2294	2300	2133	2223	2324	3054
2248	1573	1595	1572	1556	1570	1582	1563	1573	1684	1577	2503
2267	1564	1585	1569	1555	1575	1619	1575	1579	1566	1529	2437
2241	1541	1562	1549	1607	1579	1576	1543	1564	1576	1582	2479
2270	1570	1582	1585	1579	1558	1598	1557	1549	1565	1601	2480
2211	1604	1560	1598	1589	1601	1574	1600	1563	1592	1645	2541
2319	1613	1626	1615	1602	1591	1608	1604	1668	1673	1616	2588
2936	2464	2186	2321	2481	2409	2462	2440	2265	2375	2529	2965

Time [s]: 7080
T[°C]: 27.0
2597	2317	2004	2156	2301	2256	2279	2289	2118	2219	2324	3076
2225	1581	1593	1568	1541	1562	1570	1539	1558	1672	1565	2484
2259	1567	1568	1564	1543	1574	1592	1588	1578	1574	1527	2397
2240	1521	1560	1518	1570	1559	1593	1537	1560	1574	1579	2490
2264	1564	1575	1574	1557	1557	1561	1538	1563	1554	1587	2489
2200	1593	1572	1606	1586	1577	1589	1588	1562	1580	1627	2536
2313	1605	1627	1620	1569	1571	1604	1618	1673	1672	1628	2568
2916	2479	2180	2339	2470	2422	2426	2437	2241	2355	2490	2943

Time [s]: 7200
T[°C]: 27.0
2599	2312	2011	2143	2296	2273	2266	2276	2103	2198	2323	3032
2241	1553	1585	1577	1525	1551	1568	1546	1542	1670	1567	2477
2250	1557	1568	1542	1530	1554	1584	1561	1587	1573	1527	2434
2223	1514	1571	1529	1586	1555	1548	1528	1573	1562	1552	2482
2271	1538	1570	1570	1540	1535	1567	1525	1554	1562	1583	2491
2231	1608	1540	1586	1573	1574	1585	1588	1541	1586	1612	2514
2299	1605	1596	1627	1576	1562	1598	1597	1679	1663	1617	2559
2919	2460	2184	2319	2474	2400	2431	2415	2241	2360	2511	2985

Time [s]: 7320
T[°C]: 27.0
2593	2308	1998	2135	2293	2256	2260	2281	2111	2210	2301	3044
2224	1554	1559	1569	1519	1548	1559	1530	1547	1653	1562	2508
2271	1539	1553	1563	1518	1567	1564	1558	1554	1568	1523	2398
2220	1512	1563	1514	1562	1530	1558	1520	1562	1542	1562	2477
2276	1532	1558	1560	1548	1540	1550	1544	1550	1541	1580	2495
2204	1586	1552	1576	1569	1578	1570	1551	1556	1572	1604	2526
2302	1605	1601	1603	1565	1556	1601	1587	1636	1659	1605	2569
2917	2455	2179	2313	2462	2396	2434	2417	2252	2340	2497	2954

Time [s]: 7440
T[°C]: 27.0
2581	2303	2003	2135	2288	2244	2295	2264	2108	2184	2301	3041
2227	1555	1562	1570	1534	1531	1557	1535	1538	1645	1558	2491
2254	1536	1549	1543	1528	1556	1571	1567	1560	1559	1523	2439
2208	1511	1542	1511	1559	1533	1554	1516	1546	1544	1556	2481
2262	1542	1561	1553	1544	1525	1567	1532	1531	1536	1579	2480
2200	1570	1536	1581	1581	1560	1550	1564	1541	1572	1600	2532
2309	1582	1575	1620	1574	1556	1590	1602	1641	1650	1608	2550
2926	2475	2170	2324	2461	2408	2442	2432	2258	2358	2492	2953

Time [s]: 7560
T[°C]: 27.1
2569	2310	1992	2116	2283	2264	2279	2256	2091	2178	2301	3014
2218	1556	1569	1552	1509	1513	1547	1527	1521	1657	1549	2497
2240	1523	1528	1543	1511	1544	1566	1544	1544	1547	1516	2423
2196	1526	1532	1506	1552	1517	1541	1496	1547	1538	1532	2469
2251	1510	1518	1543	1509	1496	1533	1515	1525	1539	1571	2491
2210	1572	1538	1563	1555	1575	1545	1575	1529	1559	1608	2521
2289	1597	1594	1611	1558	1548	1589	1586	1646	1641	1572	2564
2917	2474	2181	2319	2472	2409	2434	2412	2242	2354	2488	2941

Time [s]: 7680
T[°C]: 27.1
2573	2283	1974	2113	2279	2249	2278	2260	2104	2199	2290	3037
2224	1528	1557	1553	1509	1525	1552	1516	1513	1638	1542	2475
2245	1510	1531	1543	1516	1544	1552	1550	1571	1554	1500	2408
2228	1504	1526	1497	1562	1533	1545	1507	1534	1548	1540	2465
2253	1527	1548	1542	1527	1516	1546	1530	1533	1525	1535	2477
2203	1576	1528	1552	1553	1566	1550	1563	1530	1553	1606	2520
2286	1569	1567	1600	1565	1530	1573	1577	1644	1642	1588	2549
2917	2441	2171	2306	2439	2409	2442	2415	2249	2344	2477	2940

Time [s]: 7800
T[°C]: 27.1
2592	2291	1989	2109	2253	2218	2263	2248	2101	2177	2297	3041
2203	1513	1530	1544	1518	1525	1521	1503	1512	1643	1544	2474
2233	1528	1519	1533	1504	1534	1561	1541	1544	1535	1497	2397
2200	1486	1525	1486	1548	1517	1520	1510	1523	1524	1544	2455
2247	1522	1522	1542	1516	1507	1525	1510	1512	1528	1551	2462
2189	1577	1528	1536	1548	1549	1546	1550	1527	1544	1598	2521
2295	1569	1568	1600	1540	1549	1557	1573	1648	1649	1572	2570
2916	2460	2172	2288	2467	2411	2428	2412	2244	2343	2479	2933

Time [s]: 7920
T[°C]: 27.1
2571	2293	1989	2093	2291	2236	2262	2257	2094	2163	2316	3013
2217	1518	1550	1531	1495	1499	1515	1521	1510	1630	1531	2486
2240	1503	1516	1516	1505	1529	1545	1523	1535	1543	1490	2395
2179	1488	1514	1496	1537	1520	1526	1488	1530	1537	1512	2455
2237	1513	1525	1531	1503	1495	1523	1510	1489	1530	1542	2473
2173	1548	1500	1555	1525	1560	1535	1534	1517	1541	1578	2520
2287	1588	1573	1599	1531	1520	1564	1577	1639	1634	1581	2562
2939	2460	2155	2313	2451	2407	2410	2405	2247	2333	2497	2935

Time [s]: 8040
T[°C]: 27.1
2581	2287	1991	2090	2270	2238	2260	2239	2081	2164	2277	3034
2211	1503	1530	1519	1476	1503	1538	1500	1507	1638	1515	2460
2238	1509	1516	1506	1480	1502	1536	1529	1544	1539	1486	2394
2192	1482	1504	1477	1527	1509	1531	1501	1524	1526	1523	2495
2252	1504	1520	1529	1498	1497	1515	1499	1482	1514	1521	2465
2186	1560	1513	1543	1536	1544	1519	1544	1511	1532	1571	2504
2292	1565	1562	1588	1545	1523	1547	1561	1625	1649	1565	2531
2912	2455	2164	2306	2450	2387	2424	2401	2238	2345	2476	2925

Time [s]: 8160
T[°C]: 27.1
2579	2259	1965	2078	2273	2234	2253	2234	2068	2161	2283	3045
2227	1516	1538	1510	1485	1492	1532	1483	1504	1623	1507	2465
2229	1497	1507	1498	1490	1499	1526	1513	1528	1529	1477	2387
2196	1485	1502	1478	1512	1511	1533	1488	1509	1512	1534	2461
2237	1478	1530	1529	1499	1489	1511	1492	1493	1494	1536	2470
2188	1536	1504	1526	1524	1541	1522	1534	1503	1534	1571	2514
2293	1556	1556	1580	1539	1522	1553	1538	1625	1614	1554	2540
2912	2457	2170	2309	2448	2384	2435	2415	2255	2339	2474	2926

Time [s]: 8280
T[°C]: 27.1
2565	2264	1959	2077	2253	2229	2256	2233	2084	2157	2279	3043
2210	1507	1533	1514	1462	1488	1511	1484	1485	1619	1514	2447
2223	1482	1505	1506	1462	1486	1531	1518	1523	1522	1480	2396
2174	1480	1504	1463	1499	1486	1525	1480	1505	1511	1528	2455
2261	1485	1496	1508	1498	1496	1496	1474	1484	1497	1528	2454
2180	1559	1486	1526	1510	1538	1517	1524	1503	1510	1580	2528
2293	1545	1539	1576	1527	1504	1533	1548	1610	1627	1563	2535
2912	2448	2169	2288	2426	2391	2426	2411	2236	2339	2456	2917

Time [s]: 8400
T[°C]: 27.1
2552	2255	1961	2075	2236	2212	2229	2231	2070	2156	2294	3016
2183	1494	1512	1503	1481	1501	1515	1478	1481	1637	1515	2465
2213	1496	1489	1491	1488	1499	1524	1513	1512	1526	1466	2390
2174	1462	1496	1447	1519	1484	1504	1465	1487	1500	1511	2452
2237	1484	1497	1499	1474	1482	1504	1473	1492	1491	1515	2449
2183	1535	1491	1530	1536	1515	1511	1535	1481	1515	1568	2515
2264	1560	1543	1577	1530	1523	1538	1544	1595	1610	1552	2523
2922	2444	2166	2298	2434	2398	2389	2420	2227	2321	2471	2925

Time [s]: 8520
T[°C]: 27.2
2546	2264	1953	2079	2275	2207	2234	2244	2057	2147	2287	3007
2189	1488	1521	1489	1456	1480	1484	1469	1473	1607	1487	2447
2214	1480	1482	1498	1464	1495	1509	1502	1496	1496	1474	2388
2183	1468	1485	1451	1504	1479	1509	1446	1510	1506	1499	2447
2219	1477	1499	1488	1492	1486	1481	1480	1479	1494	1495	2454
2161	1524	1485	1503	1500	1527	1504	1517	1483	1488	1562	2497
2274	1546	1537	1573	1514	1514	1524	1541	1595	1626	1546	2516
2897	2441	2155	2289	2421	2378	2415	2405	2215	2297	2477	2934

Time [s]: 8640
T[°C]: 27.2
2557	2240	1941	2069	2238	2226	2231	2209	2073	2147	2280	3034
2186	1479	1506	1489	1439	1485	1493	1484	1470	1602	1491	2488
2230	1479	1478	1489	1460	1489	1510	1508	1502	1500	1451	2391
2178	1458	1476	1455	1515	1486	1482	1454	1482	1491	1498	2441
2221	1461	1493	1491	1484	1472	1485	1464	1466	1493	1508	2452
2190	1529	1487	1512	1510	1534	1505	1509	1485	1508	1550	2482
2268	1535	1522	1550	1514	1507	1525	1544	1604	1602	1555	2533
2902	2448	2160	2290	2440	2399	2385	2424	2209	2319	2434	2932

Time [s]: 8760
T[°C]: 27.2
2572	2261	1970	2062	2242	2223	2223	2214	2047	2153	2262	3018
2199	1472	1492	1484	1460	1456	1484	1463	1470	1605	1503	2439
2213	1450	1453	1472	1460	1472	1492	1482	1502	1499	1449	2402
2169	1443	1475	1452	1483	1462	1489	1449	1497	1506	1488	2446
2222	1470	1502	1501	1469	1460	1482	1445	1473	1481	1505	2449
2172	1520	1466	1510	1505	1498	1497	1512	1466	1496	1543	2487
2282	1526	1526	1560	1499	1494	1515	1535	1580	1606	1544	2524
2913	2429	2150	2286	2445	2387	2407	2403	2206	2314	2447	2928

Time [s]: 8880
T[°C]: 27.2
2543	2238	1950	2069	2241	2212	2229	2219	2063	2139	2261	3002
2189	1475	1503	1486	1449	1472	1481	1458	1453	1594	1482	2436
2203	1455	1473	1461	1460	1471	1496	1478	1495	1490	1444	2371
2168	1430	1472	1442	1493	1459	1476	1443	1481	1480	1497	2448
2223	1460	1468	1484	1459	1460	1475	1445	1458	1468	1503	2439
2142	1518	1461	1506	1497	1507	1489	1502	1469	1495	1536	2481
2270	1525	1531	1555	1502	1480	1509	1530	1585	1597	1532	2512
2896	2466	2151	2288	2433	2380	2416	2386	2205	2321	2438	2909

Time [s]: 9000
T[°C]: 27.3
2545	2268	1954	2069	2219	2209	2213	2225	2068	2137	2303	2987
2179	1455	1467	1488	1459	1450	1474	1444	1452	1584	1500	2422
2207	1459	1454	1452	1447	1475	1498	1469	1485	1486	1424	2364
2188	1443	1453	1451	1495	1444	1485	1438	1481	1470	1482	2425
2230	1450	1465	1476	1449	1454	1479	1455	1459	1454	1493	2445
2171	1498	1458	1477	1489	1482	1475	1488	1466	1483	1545	2485
2272	1520	1517	1544	1491	1478	1514	1523	1564	1603	1526	2498
2909	2453	2166	2259	2404	2381	2406	2387	2217	2294	2457	2927

Time [s]: 9120
T[°C]: 27.3
2562	2251	1934	2052	2238	2200	2209	2216	2038	2115	2261	2997
2196	1441	1475	1468	1441	1462	1475	1436	1444	1569	1484	2441
2202	1439	1462	1460	1430	1455	1499	1477	1483	1488	1430	2385
2176	1435	1456	1443	1470	1456	1470	1434	1464	1467	1487	2425
2202	1450	1472	1471	1458	1460	1458	1434	1443	1459	1492	2457
2163	1503	1464	1482	1488	1486	1459	1478	1452	1481	1536	2470
2260	1504	1510	1547	1480	1483	1496	1519	1579	1577	1520	2506
2884	2428	2155	2283	2440	2389	2385	2389	2213	2342	2437	2895

Time [s]: 9240
T[°C]: 27.3
2545	2244	1950	2045	2223	2190	2222	2207	2032	2136	2252	2993
2180	1441	1476	1457	1441	1446	1468	1460	1450	1574	1457	2427
2203	1438	1454	1468	1449	1459	1477	1473	1484	1470	1443	2375
2184	1415	1455	1434	1487	1438	1470	1423	1460	1456	1465	2435
2222	1448	1446	1443	1444	1426	1464	1445	1460	1462	1490	2466
2158	1516	1455	1471	1471	1490	1475	1489	1452	1479	1533	2468
2272	1496	1511	1535	1491	1467	1493	1511	1564	1576	1503	2495
2911	2463	2145	2278	2447	2378	2391	2382	2201	2318	2441	2934

Time [s]: 9360
T[°C]: 27.3
2576	2248	1935	2042	2213	2192	2197	2207	2026	2139	2262	2993
2189	1445	1481	1440	1436	1434	1457	1436	1445	1566	1459	2420
2198	1422	1444	1445	1418	1460	1472	1475	1478	1447	1415	2388
2144	1414	1441	1422	1476	1441	1470	1429	1459	1464	1462	2426
2216	1435	1451	1458	1430	1442	1442	1433	1430	1462	1490	2450
2174	1485	1440	1471	1473	1464	1467	1478	1465	1469	1527	2468
2241	1503	1495	1520	1481	1459	1501	1513	1564	1577	1504	2476
2902	2445	2139	2260	2411	2403	2385	2399	2200	2295	2435	2909

Time [s]: 9480
T[°C]: 27.3
2543	2237	1947	2034	2216	2195	2203	2184	2034	2108	2247	3005
2176	1423	1468	1435	1411	1432	1448	1431	1436	1559	1472	2421
2208	1437	1437	1418	1414	1449	1474	1474	1452	1482	1418	2369
2178	1411	1429	1406	1466	1423	1458	1419	1450	1458	1464	2413
2209	1430	1446	1470	1418	1425	1442	1427	1435	1437	1484	2430
2156	1488	1441	1472	1478	1486	1460	1471	1454	1460	1517	2487
2241	1491	1493	1505	1470	1467	1503	1508	1549	1585	1516	2507
2909	2421	2133	2271	2409	2383	2398	2369	2195	2315	2426	2903

Time [s]: 9600
T[°C]: 27.3
2523	2238	1926	2040	2220	2185	2196	2222	2027	2124	2252	3008
2170	1428	1445	1451	1407	1422	1453	1441	1425	1559	1456	2421
2186	1423	1420	1442	1404	1441	1466	1445	1461	1472	1412	2370
2160	1415	1420	1397	1474	1434	1435	1406	1453	1444	1457	2406
2189	1411	1458	1459	1443	1440	1448	1426	1432	1441	1464	2423
2162	1488	1438	1484	1467	1475	1461	1468	1442	1464	1531	2460
2237	1509	1509	1523	1458	1458	1500	1511	1554	1564	1506	2511
2887	2401	2150	2265	2412	2387	2392	2371	2189	2301	2440	2907

Time [s]: 9720
T[°C]: 27.3
2544	2228	1929	2039	2208	2189	2191	2194	2032	2115	2248	2996
2178	1426	1458	1445	1419	1409	1443	1408	1420	1547	1453	2424
2178	1422	1436	1437	1401	1423	1459	1439	1449	1453	1413	2378
2155	1401	1424	1390	1452	1418	1455	1415	1439	1425	1447	2434
2204	1433	1434	1449	1413	1439	1431	1412	1419	1420	1464	2436
2136	1476	1429	1462	1454	1461	1452	1461	1434	1460	1518	2466
2252	1495	1486	1529	1462	1442	1467	1491	1547	1567	1502	2513
2919	2418	2114	2279	2401	2393	2370	2385	2206	2306	2435	2895

Time [s]: 9840
T[°C]: 27.3
2534	2232	1935	2006	2173	2176	2191	2200	2018	2090	2252	2981
2155	1416	1450	1435	1419	1411	1437	1412	1422	1546	1436	2412
2189	1402	1424	1422	1402	1433	1459	1441	1445	1470	1414	2374
2167	1398	1416	1389	1459	1409	1444	1409	1437	1442	1445	2397
2197	1407	1451	1445	1426	1412	1437	1409	1425	1422	1455	2421
2121	1485	1424	1456	1457	1454	1442	1477	1430	1457	1494	2464
2240	1494	1480	1509	1443	1452	1487	1484	1536	1553	1493	2481
2914	2426	2122	2277	2397	2376	2388	2382	2187	2296	2413	2893

Time [s]: 9960
T[°C]: 27.3
2553	2221	1924	2026	2204	2176	2194	2174	2015	2107	2244	3013
2165	1412	1457	1423	1395	1412	1426	1395	1414	1548	1444	2415
2181	1395	1421	1402	1396	1430	1452	1438	1453	1442	1405	2378
2149	1392	1428	1378	1456	1411	1435	1412	1442	1434	1439	2416
2185	1403	1431	1441	1415	1417	1430	1411	1412	1411	1459	2441
2132	1474	1415	1447	1451	1451	1444	1455	1417	1452	1508	2475
2228	1472	1482	1512	1469	1426	1480	1480	1537	1544	1476	2476
2896	2424	2140	2264	2408	2365	2396	2391	2216	2289	2413	2898

Time [s]: 10080
T[°C]: 27.3
2541	2223	1915	2012	2196	2151	2178	2184	2027	2086	2259	2986
2162	1408	1438	1429	1381	1420	1449	1402	1421	1549	1445	2430
2170	1393	1418	1421	1405	1432	1434	1426	1435	1443	1383	2347
2175	1385	1416	1392	1429	1409	1433	1409	1428	1430	1431	2432
2205	1410	1419	1435	1425	1400	1412	1400	1420	1419	1458	2441
2124	1477	1419	1444	1451	1447	1421	1443	1409	1436	1502	2460
2216	1473	1473	1512	1454	1422	1477	1480	1531	1547	1480	2486
2911	2425	2144	2266	2400	2369	2390	2381	2185	2311	2413	2909

Time [s]: 10200
T[°C]: 27.4
2536	2211	1927	2010	2201	2183	2182	2192	2015	2091	2246	3023
2171	1415	1442	1437	1404	1408	1418	1406	1396	1546	1429	2416
2161	1399	1415	1413	1398	1424	1439	1423	1445	1414	1398	2365
2161	1371	1409	1367	1440	1387	1416	1388	1420	1426	1433	2399
2200	1397	1418	1422	1406	1403	1423	1389	1393	1405	1454	2421
2164	1461	1419	1436	1440	1441	1431	1455	1409	1442	1513	2462
2249	1480	1470	1497	1452	1441	1468	1463	1536	1538	1484	2482
2907	2420	2109	2246	2390	2382	2382	2373	2202	2293	2416	2919

Time [s]: 10320
T[°C]: 27.4
2524	2203	1906	1994	2183	2128	2185	2168	2001	2094	2236	2994
2166	1413	1434	1426	1376	1400	1416	1392	1399	1546	1424	2417
2166	1399	1402	1414	1384	1415	1433	1427	1462	1432	1380	2360
2150	1364	1420	1377	1427	1405	1423	1368	1423	1435	1432	2400
2172	1405	1420	1415	1394	1410	1414	1391	1409	1405	1439	2437
2143	1463	1420	1429	1430	1432	1430	1467	1393	1439	1486	2449
2253	1469	1458	1496	1443	1427	1450	1462	1537	1527	1477	2464
2911	2408	2132	2268	2416	2358	2399	2384	2196	2302	2418	2918

Time [s]: 10440
T[°C]: 27.4
2527	2217	1926	2012	2196	2168	2163	2165	2012	2087	2244	2991
2186	1405	1424	1422	1378	1385	1411	1400	1410	1528	1442	2410
2174	1391	1403	1396	1371	1402	1444	1420	1425	1444	1390	2355
2144	1374	1393	1372	1425	1398	1426	1388	1421	1416	1440	2402
2192	1398	1418	1418	1397	1394	1400	1381	1416	1394	1444	2431
2146	1465	1386	1439	1431	1442	1434	1443	1399	1434	1503	2456
2224	1477	1464	1489	1433	1426	1465	1484	1516	1523	1471	2463
2912	2414	2130	2241	2409	2371	2372	2379	2185	2308	2427	2899

Time [s]: 10560
T[°C]: 27.4
2508	2223	1920	1993	2168	2137	2171	2180	2017	2082	2243	2980
2153	1395	1411	1413	1385	1381	1414	1389	1392	1538	1435	2417
2158	1397	1403	1390	1397	1401	1430	1409	1428	1433	1385	2364
2157	1382	1394	1358	1409	1383	1434	1384	1425	1421	1396	2419
2190	1397	1405	1416	1389	1384	1404	1389	1391	1410	1440	2422
2125	1460	1393	1431	1423	1433	1422	1435	1399	1433	1501	2452
2229	1445	1460	1485	1441	1415	1472	1464	1536	1523	1474	2456
2900	2421	2126	2264	2386	2336	2365	2377	2173	2295	2410	2880

Time [s]: 10680
T[°C]: 27.4
2540	2209	1909	1983	2195	2168	2162	2164	1999	2080	2253	2998
2160	1400	1414	1398	1381	1388	1422	1380	1384	1530	1422	2430
2190	1377	1390	1389	1392	1390	1418	1402	1431	1426	1377	2349
2128	1368	1404	1358	1411	1392	1421	1379	1405	1404	1418	2412
2179	1397	1402	1410	1373	1359	1403	1382	1400	1406	1425	2433
2155	1440	1397	1416	1427	1426	1423	1425	1401	1425	1495	2461
2232	1459	1456	1496	1444	1417	1465	1470	1531	1537	1467	2481
2880	2415	2106	2246	2399	2358	2390	2380	2181	2300	2422	2910

