[Plate: plate24]
Time [s]: 0
T[°C]: 29.3
430	372	370	375	377	415
375	318	318	322	324	382
380	309	320	327	324	389
417	380	385	382	379	407

Time [s]: 60
T[°C]: 29.3
435	381	389	395	379	428
393	330	335	338	335	409
390	318	331	347	337	403
427	401	397	403	414	424

Time [s]: 120
T[°C]: 29.3
446	385	387	387	381	448
413	337	344	354	347	412
404	337	345	358	337	420
442	396	400	413	416	444

Time [s]: 180
T[°C]: 29.2
450	403	394	401	400	446
424	353	360	363	350	423
409	346	355	362	358	436
452	412	416	416	413	452

Time [s]: 240
T[°C]: 29.2
456	407	403	412	409	452
419	353	364	372	348	424
413	352	367	363	363	434
449	425	439	426	418	457

Time [s]: 300
T[°C]: 29.2
466	405	407	425	418	459
426	358	365	374	364	435
421	350	373	358	363	440
460	425	431	435	428	461

Time [s]: 360
T[°C]: 29.2
476	415	420	414	421	477
429	370	375	377	363	432
421	365	374	369	367	436
462	433	440	440	434	463

Time [s]: 420
T[°C]: 29.2
469	413	420	427	423	479
432	360	373	376	367	444
425	357	377	367	376	444
462	427	438	437	430	465

Time [s]: 480
T[°C]: 29.2
478	429	413	436	436	484
445	364	378	376	370	434
430	359	373	370	369	454
470	425	444	437	439	470

Time [s]: 540
T[°C]: 29.2
481	423	418	437	434	474
435	373	376	384	364	436
437	367	378	376	375	445
475	439	444	443	447	467

Time [s]: 600
T[°C]: 29.2
473	424	418	429	439	478
440	367	382	387	380	446
435	361	381	369	372	447
472	444	453	449	443	470

Time [s]: 660
T[°C]: 29.2
477	425	424	437	437	486
445	379	384	385	372	452
432	368	380	385	374	453
484	447	455	447	448	477

Time [s]: 720
T[°C]: 29.2
486	434	429	448	442	493
449	370	392	383	372	447
444	377	384	385	372	457
482	436	457	451	447	470

Time [s]: 780
T[°C]: 29.2
497	438	436	444	452	487
448	368	394	389	380	442
450	366	383	387	384	458
478	446	448	446	442	467

Time [s]: 840
T[°C]: 29.2
484	439	441	443	450	486
446	388	389	403	376	449
451	380	394	385	374	452
483	445	459	457	442	486

Time [s]: 900
T[°C]: 29.2
498	443	454	441	454	494
457	388	397	390	389	452
450	375	393	382	388	458
485	447	463	460	450	472

Time [s]: 960
T[°C]: 29.2
483	434	440	452	452	492
460	388	394	392	381	439
451	373	394	384	381	450
488	451	458	459	456	471

Time [s]: 1020
T[°C]: 29.2
502	444	455	452	453	490
458	389	399	392	377	447
448	372	390	388	373	449
484	451	460	454	438	480

Time [s]: 1080
T[°C]: 29.2
500	446	456	449	446	499
453	388	400	404	383	452
450	375	397	386	385	460
480	454	462	460	458	478

Time [s]: 1140
T[°C]: 29.2
501	444	462	457	449	498
460	387	395	402	391	450
455	385	393	389	381	451
481	445	455	451	459	471

Time [s]: 1200
T[°C]: 29.2
503	447	455	455	459	494
455	397	399	398	380	449
450	378	392	383	379	444
493	446	456	461	450	467

Time [s]: 1260
T[°C]: 29.2
502	448	451	457	463	494
460	394	401	406	386	447
456	386	404	379	376	452
486	448	461	468	443	474

Time [s]: 1320
T[°C]: 29.2
504	463	457	457	456	499
464	381	402	403	385	460
458	378	403	391	376	442
492	443	458	457	454	477

Time [s]: 1380
T[°C]: 29.2
495	456	466	450	454	489
468	393	409	407	371	445
453	375	399	394	379	455
486	451	451	455	444	466

Time [s]: 1440
T[°C]: 29.2
506	459	466	456	463	499
465	403	403	415	390	442
449	376	392	390	375	453
485	444	460	448	443	476

Time [s]: 1500
T[°C]: 29.2
512	458	470	446	462	491
463	399	395	409	383	447
455	376	396	390	367	447
475	451	461	456	439	467

Time [s]: 1560
T[°C]: 29.2
505	460	468	453	468	498
468	397	406	408	384	446
454	380	399	385	382	445
483	448	454	446	444	472

Time [s]: 1620
T[°C]: 29.2
514	455	465	456	467	497
452	401	400	407	381	439
460	371	399	387	372	458
480	448	454	452	443	478

Time [s]: 1680
T[°C]: 29.2
509	464	463	447	466	496
460	399	406	404	383	446
454	382	399	384	366	447
473	446	456	455	443	466

Time [s]: 1740
T[°C]: 29.2
514	457	463	453	463	496
463	401	400	407	382	438
459	387	396	387	372	444
487	451	449	452	445	465

Time [s]: 1800
T[°C]: 29.2
508	466	470	453	463	497
469	407	413	412	384	443
458	378	404	391	376	443
478	448	449	447	454	469

Time [s]: 1860
T[°C]: 29.2
520	464	466	454	465	506
458	397	410	415	383	440
468	387	404	387	365	444
481	445	449	457	444	478

Time [s]: 1920
T[°C]: 29.2
516	461	471	454	470	490
470	403	409	414	383	438
464	384	400	382	369	436
477	445	455	453	444	479

Time [s]: 1980
T[°C]: 29.2
520	463	478	455	461	494
472	393	409	408	383	435
452	384	396	386	367	436
477	442	452	446	439	471

Time [s]: 2040
T[°C]: 29.2
518	470	463	450	465	500
465	400	410	406	378	448
458	380	403	387	365	437
483	444	446	446	437	464

Time [s]: 2100
T[°C]: 29.2
523	467	468	452	464	498
470	399	409	400	374	440
454	390	395	389	363	441
481	447	451	443	447	463

Time [s]: 2160
T[°C]: 29.2
527	471	472	458	468	496
467	401	410	405	383	430
462	383	403	389	371	441
476	441	450	449	434	468

Time [s]: 2220
T[°C]: 29.2
526	469	477	454	458	497
466	409	407	419	383	442
465	382	407	378	366	443
479	442	449	446	439	466

Time [s]: 2280
T[°C]: 29.2
518	463	471	450	455	494
473	407	406	410	379	432
463	384	401	390	369	435
475	444	450	442	440	464

Time [s]: 2340
T[°C]: 29.2
527	463	471	459	467	493
474	403	421	408	381	430
465	381	404	380	369	437
480	433	467	434	431	462

Time [s]: 2400
T[°C]: 29.2
526	464	483	446	468	495
471	408	404	411	384	433
465	375	401	388	371	438
479	445	452	439	451	458

Time [s]: 2460
T[°C]: 29.2
515	467	479	460	468	503
466	407	415	414	387	432
467	375	402	384	366	430
489	437	451	446	433	462

Time [s]: 2520
T[°C]: 29.2
523	467	478	448	465	497
471	399	412	401	384	425
469	376	411	376	365	435
477	445	448	437	439	465

Time [s]: 2580
T[°C]: 29.2
521	467	474	452	465	487
463	408	412	401	373	443
463	383	402	385	376	434
477	449	449	447	433	457

Time [s]: 2640
T[°C]: 29.2
526	476	475	454	467	486
475	402	406	410	376	426
458	384	406	389	363	435
467	437	449	438	420	449

Time [s]: 2700
T[°C]: 29.2
534	465	476	449	460	482
471	408	407	408	369	435
464	383	404	387	371	429
474	438	453	435	429	459

Time [s]: 2760
T[°C]: 29.2
528	480	481	457	464	492
457	400	406	410	375	435
471	380	414	396	366	427
474	442	452	436	439	457

Time [s]: 2820
T[°C]: 29.2
527	462	483	451	457	488
471	405	403	399	368	435
468	387	406	378	375	414
461	437	446	438	426	455

Time [s]: 2880
T[°C]: 29.2
537	466	482	445	468	493
468	402	406	390	370	429
458	382	399	380	369	431
479	436	445	435	431	465

Time [s]: 2940
T[°C]: 29.2
521	476	485	447	474	489
463	403	410	400	379	424
456	377	409	377	352	424
466	438	448	434	436	445

Time [s]: 3000
T[°C]: 29.2
526	463	477	453	465	491
467	402	416	409	380	430
460	372	406	377	363	429
477	448	450	440	422	446

Time [s]: 3060
T[°C]: 29.2
531	471	480	443	457	494
468	401	408	410	379	431
456	383	408	376	357	418
473	440	448	433	421	444

Time [s]: 3120
T[°C]: 29.2
538	469	483	452	468	489
465	401	413	405	374	439
459	373	405	379	367	433
483	432	443	430	429	448

Time [s]: 3180
T[°C]: 29.2
527	480	472	448	468	490
465	403	410	412	368	425
466	389	411	374	357	423
474	436	449	442	420	445

Time [s]: 3240
T[°C]: 29.2
525	467	477	453	457	485
465	399	406	399	379	428
469	377	406	384	357	419
470	438	435	440	429	443

Time [s]: 3300
T[°C]: 29.2
530	480	472	451	456	487
466	395	408	401	367	429
466	372	402	374	368	412
476	441	441	440	421	442

Time [s]: 3360
T[°C]: 29.2
529	476	489	443	466	484
468	396	410	398	376	422
463	380	410	375	359	421
469	438	435	444	422	439

Time [s]: 3420
T[°C]: 29.2
533	462	472	447	465	487
450	402	408	397	369	425
463	368	400	383	365	413
468	433	439	433	419	455

Time [s]: 3480
T[°C]: 29.2
537	480	478	452	452	484
462	404	412	402	364	426
463	381	400	380	354	423
463	434	439	431	414	437

Time [s]: 3540
T[°C]: 29.2
537	473	481	441	457	480
468	404	407	410	365	428
462	379	402	380	355	421
466	435	441	430	426	437

Time [s]: 3600
T[°C]: 29.2
530	477	483	449	458	489
469	405	411	401	372	419
458	369	399	384	362	420
465	438	442	436	423	442

Time [s]: 3660
T[°C]: 29.2
536	477	476	454	449	483
458	396	418	397	362	424
459	380	408	377	361	416
468	432	435	426	424	450

Time [s]: 3720
T[°C]: 29.2
532	478	477	442	448	489
464	399	414	404	371	417
463	369	403	376	360	418
467	436	437	436	426	447

Time [s]: 3780
T[°C]: 29.2
533	471	481	450	456	482
471	399	408	402	364	414
460	372	400	379	350	414
471	432	438	427	421	435

Time [s]: 3840
T[°C]: 29.2
534	482	484	440	456	492
471	411	407	411	364	424
460	374	404	383	350	421
466	428	435	420	425	440

Time [s]: 3900
T[°C]: 29.2
534	472	487	449	463	491
463	392	412	407	365	416
457	375	404	375	352	411
457	435	431	421	426	443

Time [s]: 3960
T[°C]: 29.2
541	472	478	453	455	488
467	409	404	403	362	422
451	378	409	381	360	416
462	427	432	419	422	432

Time [s]: 4020
T[°C]: 29.2
537	471	473	440	454	477
471	400	406	412	368	426
456	373	398	385	346	418
476	430	439	427	419	435

Time [s]: 4080
T[°C]: 29.2
537	469	481	452	455	484
465	396	408	405	358	417
459	371	400	371	359	409
460	433	436	428	419	435

Time [s]: 4140
T[°C]: 29.2
532	469	478	442	462	483
466	397	412	402	368	418
457	376	404	385	346	418
460	426	435	421	414	441

Time [s]: 4200
T[°C]: 29.2
529	475	472	453	462	478
463	403	406	407	370	421
465	381	413	379	356	411
469	430	432	428	424	436

Time [s]: 4260
T[°C]: 29.2
543	478	478	447	459	496
472	404	403	410	370	427
459	372	410	374	357	409
468	430	440	419	426	433

Time [s]: 4320
T[°C]: 29.2
532	472	486	451	459	476
463	397	407	409	367	418
456	373	399	371	353	417
462	427	438	422	428	429

Time [s]: 4380
T[°C]: 29.2
537	467	484	444	454	473
469	405	404	407	370	417
456	371	405	376	355	413
456	429	438	422	415	440

Time [s]: 4440
T[°C]: 29.2
538	471	471	446	455	476
470	396	408	410	372	423
462	368	399	373	357	407
464	423	426	423	414	430

Time [s]: 4500
T[°C]: 29.2
540	480	475	449	454	469
463	405	409	405	362	412
453	373	406	375	352	418
458	423	441	422	419	427

Time [s]: 4560
T[°C]: 29.2
535	480	481	434	461	484
466	405	407	410	377	416
457	369	403	377	341	422
454	430	436	417	423	439

Time [s]: 4620
T[°C]: 29.2
547	473	484	443	467	473
461	403	414	398	370	417
458	371	400	372	355	410
457	423	432	410	419	439

Time [s]: 4680
T[°C]: 29.2
544	473	490	445	454	478
464	400	413	409	368	418
465	372	402	381	350	407
452	417	436	415	419	427

Time [s]: 4740
T[°C]: 29.2
537	466	481	444	446	479
454	401	410	404	367	424
452	369	398	374	356	411
458	422	429	409	416	434

Time [s]: 4800
T[°C]: 29.2
543	465	480	449	461	477
459	408	410	404	359	421
460	373	402	374	353	412
466	421	431	415	419	435

Time [s]: 4860
T[°C]: 29.2
530	468	482	454	454	484
466	391	406	400	363	416
451	368	409	373	344	404
463	423	432	423	409	428

Time [s]: 4920
T[°C]: 29.2
535	468	481	455	452	473
461	404	404	405	369	422
455	377	409	374	345	407
448	426	428	415	412	428

Time [s]: 4980
T[°C]: 29.2
536	468	483	437	454	483
467	391	407	408	359	416
456	374	406	380	354	405
460	428	433	411	415	438

Time [s]: 5040
T[°C]: 29.2
534	484	486	440	461	480
453	407	402	396	357	410
460	370	404	369	348	404
457	421	426	413	414	429

Time [s]: 5100
T[°C]: 29.2
541	471	477	443	456	468
458	404	414	391	358	411
450	373	404	370	346	401
451	418	424	412	421	426

Time [s]: 5160
T[°C]: 29.2
535	469	485	449	455	476
461	404	421	401	365	418
457	369	411	374	349	405
456	421	428	419	416	431

Time [s]: 5220
T[°C]: 29.2
537	472	481	445	444	475
468	400	413	402	365	419
455	368	409	366	348	403
457	419	424	409	420	427

Time [s]: 5280
T[°C]: 29.2
544	469	479	444	462	475
463	401	418	399	365	413
452	364	409	374	343	409
450	418	427	414	412	426

Time [s]: 5340
T[°C]: 29.2
542	467	485	437	458	475
475	400	414	406	363	421
449	370	411	380	353	404
459	420	425	425	404	431

Time [s]: 5400
T[°C]: 29.2
534	473	482	444	447	479
467	401	415	401	363	415
450	368	411	365	353	401
456	426	425	418	410	428

Time [s]: 5460
T[°C]: 29.2
536	478	481	445	442	470
467	395	416	402	357	412
459	367	398	376	354	400
457	423	424	415	416	437

Time [s]: 5520
T[°C]: 29.2
536	476	477	444	456	476
461	403	415	412	358	411
461	365	401	375	344	408
459	422	426	419	416	432

Time [s]: 5580
T[°C]: 29.2
535	477	485	444	459	465
454	400	409	409	362	406
450	366	405	375	345	403
458	425	434	409	415	432

Time [s]: 5640
T[°C]: 29.2
537	475	484	447	452	476
456	399	401	406	353	404
453	365	407	369	344	415
456	418	423	414	403	434

Time [s]: 5700
T[°C]: 29.2
532	467	476	446	457	472
464	403	407	408	369	415
454	364	407	364	346	400
442	424	429	419	404	432

Time [s]: 5760
T[°C]: 29.2
526	465	491	445	465	460
459	394	406	398	359	414
456	365	404	369	344	404
450	425	425	415	412	432

Time [s]: 5820
T[°C]: 29.2
541	475	478	439	453	473
451	402	405	410	359	417
454	364	406	372	339	403
455	414	424	407	414	442

Time [s]: 5880
T[°C]: 29.2
539	468	494	446	457	469
457	405	408	405	355	408
448	365	406	367	352	410
455	422	424	412	408	429

Time [s]: 5940
T[°C]: 29.2
540	478	486	441	454	461
469	392	413	410	353	420
456	365	397	365	348	401
451	425	423	410	410	426

Time [s]: 6000
T[°C]: 29.2
537	474	483	447	455	473
464	398	423	397	357	415
445	371	398	360	350	405
449	421	428	417	412	436

Time [s]: 6060
T[°C]: 29.2
536	478	482	444	459	467
453	400	410	399	362	417
453	367	395	367	344	411
441	413	422	413	415	431

Time [s]: 6120
T[°C]: 29.2
535	466	485	439	452	473
452	398	417	400	352	415
461	363	403	373	351	406
450	417	421	424	407	426

Time [s]: 6180
T[°C]: 29.2
526	474	484	443	451	466
447	403	413	402	359	408
445	372	401	369	350	404
450	417	420	404	417	422

Time [s]: 6240
T[°C]: 29.2
532	466	478	442	452	473
451	401	420	403	364	413
455	376	400	367	348	405
454	420	431	412	421	433

Time [s]: 6300
T[°C]: 29.2
535	457	491	442	458	463
455	397	413	405	356	402
443	369	404	365	354	401
444	418	419	422	410	421

Time [s]: 6360
T[°C]: 29.2
527	475	481	449	444	459
461	398	408	395	351	408
448	367	397	371	346	393
455	413	438	411	410	430

Time [s]: 6420
T[°C]: 29.2
540	468	482	437	453	469
456	397	411	402	357	407
450	370	400	371	351	404
454	422	425	402	414	422

Time [s]: 6480
T[°C]: 29.2
533	469	484	438	442	473
466	395	408	403	355	398
449	365	403	360	352	400
447	415	423	419	405	430

Time [s]: 6540
T[°C]: 29.2
536	470	479	433	450	470
460	398	402	390	354	407
456	365	398	372	344	397
438	416	424	410	406	419

Time [s]: 6600
T[°C]: 29.2
530	469	475	434	454	469
461	402	406	394	363	409
456	359	404	365	346	399
451	412	422	423	408	419

Time [s]: 6660
T[°C]: 29.2
535	462	484	435	455	460
466	395	410	393	361	404
448	368	396	362	348	396
452	406	420	414	412	424

Time [s]: 6720
T[°C]: 29.2
532	466	483	432	453	468
453	397	408	396	353	396
449	361	408	361	348	405
451	408	415	408	407	429

Time [s]: 6780
T[°C]: 29.2
538	468	477	440	453	470
450	402	418	400	361	403
454	356	401	361	350	398
444	410	420	414	414	421

Time [s]: 6840
T[°C]: 29.2
535	469	485	439	458	470
449	399	419	398	357	411
451	360	400	364	345	401
454	414	419	402	404	427

Time [s]: 6900
T[°C]: 29.2
531	474	479	435	456	462
447	391	406	404	349	407
448	364	403	364	346	400
445	416	425	408	412	428

Time [s]: 6960
T[°C]: 29.2
529	473	482	431	450	466
453	391	411	405	358	406
453	362	400	373	354	405
448	403	421	409	410	422

Time [s]: 7020
T[°C]: 29.2
531	467	481	440	461	471
459	398	410	397	359	401
452	366	405	362	344	387
448	408	418	411	406	425

Time [s]: 7080
T[°C]: 29.2
532	464	488	443	453	465
449	397	395	410	361	407
457	362	398	361	343	399
439	410	419	408	411	428

Time [s]: 7140
T[°C]: 29.2
534	464	483	440	456	474
464	395	419	402	355	406
451	359	401	368	348	402
446	412	413	418	407	419

Time [s]: 7200
T[°C]: 29.2
532	469	476	435	449	460
452	403	411	406	359	405
455	357	401	361	342	400
449	411	416	406	403	417

Time [s]: 7260
T[°C]: 29.2
524	468	477	432	449	473
453	402	405	412	355	399
453	354	399	368	343	404
445	408	415	413	405	428

Time [s]: 7320
T[°C]: 29.2
536	466	494	429	458	461
455	399	417	405	359	402
446	366	408	366	349	397
443	406	421	412	410	425

Time [s]: 7380
T[°C]: 29.2
536	461	479	437	441	472
448	396	413	401	349	405
455	354	405	352	347	393
447	406	417	412	411	425

Time [s]: 7440
T[°C]: 29.1
536	468	489	426	451	458
447	384	413	404	355	398
442	359	402	360	341	399
438	408	421	408	400	418

Time [s]: 7500
T[°C]: 29.1
536	461	480	434	451	459
448	400	409	402	357	401
442	361	392	372	343	396
440	417	421	399	407	435

Time [s]: 7560
T[°C]: 29.1
531	464	485	434	451	463
448	395	411	399	358	403
439	356	404	364	343	392
446	416	416	408	398	422

Time [s]: 7620
T[°C]: 29.1
528	469	480	441	449	459
448	400	406	408	359	396
444	361	395	365	345	405
445	399	410	402	399	423

Time [s]: 7680
T[°C]: 29.1
538	463	480	432	448	463
448	388	417	410	353	397
439	360	398	354	336	408
438	407	415	397	401	421

Time [s]: 7740
T[°C]: 29.1
526	463	485	434	456	461
454	395	416	396	351	406
445	362	397	355	341	405
447	402	415	411	411	419

Time [s]: 7800
T[°C]: 29.1
531	463	487	426	454	467
441	395	412	411	359	404
444	350	402	359	339	398
445	410	427	411	408	422

Time [s]: 7860
T[°C]: 29.1
525	464	480	435	454	466
461	398	396	404	352	394
439	361	396	364	343	396
437	411	417	410	400	421

Time [s]: 7920
T[°C]: 29.1
526	469	474	432	452	466
443	388	407	404	355	402
455	365	391	362	343	403
447	402	416	411	401	426

Time [s]: 7980
T[°C]: 29.1
535	469	491	437	447	458
450	391	410	404	358	393
439	359	396	363	343	393
440	404	422	408	400	420

Time [s]: 8040
T[°C]: 29.1
543	455	477	436	445	466
451	385	405	404	344	397
441	350	386	364	341	397
441	408	415	402	393	427

Time [s]: 8100
T[°C]: 29.1
524	470	485	431	444	457
458	400	408	413	350	410
453	360	394	362	340	397
439	412	420	410	401	418

Time [s]: 8160
T[°C]: 29.1
540	459	486	432	456	458
448	401	406	402	354	398
437	356	398	370	338	397
441	413	412	413	405	419

Time [s]: 8220
T[°C]: 29.1
527	469	472	438	446	459
450	389	413	399	352	404
440	359	400	364	342	396
437	414	414	401	406	424

Time [s]: 8280
T[°C]: 29.1
534	468	485	431	449	459
449	400	414	405	356	401
444	352	388	356	345	397
438	413	422	404	412	425

Time [s]: 8340
T[°C]: 29.1
536	462	483	432	451	463
455	399	410	401	359	405
442	359	394	352	346	399
440	409	421	401	409	415

Time [s]: 8400
T[°C]: 29.1
532	469	483	436	444	455
449	394	412	407	353	395
439	352	400	369	340	400
443	404	415	411	403	419

Time [s]: 8460
T[°C]: 29.1
536	473	487	430	436	454
455	393	403	410	355	398
442	352	394	364	344	388
428	402	411	406	406	423

Time [s]: 8520
T[°C]: 29.1
522	464	485	425	449	460
453	391	411	403	345	400
436	356	396	362	348	395
442	403	421	401	405	427

Time [s]: 8580
T[°C]: 29.1
537	460	485	428	445	458
456	395	419	404	353	406
438	359	399	367	333	393
433	405	421	398	390	420

Time [s]: 8640
T[°C]: 29.1
535	461	482	425	447	463
456	390	417	402	343	399
434	371	393	361	342	400
440	406	423	402	397	412

Time [s]: 8700
T[°C]: 29.1
532	465	494	442	449	456
445	395	414	404	342	399
435	353	397	361	336	407
435	393	412	401	405	419

Time [s]: 8760
T[°C]: 29.1
537	460	477	431	441	459
452	390	403	400	343	397
439	353	401	357	340	397
435	412	416	411	400	413

Time [s]: 8820
T[°C]: 29.1
543	463	477	424	441	459
441	385	411	404	346	401
438	348	394	358	340	397
435	403	414	395	392	423

Time [s]: 8880
T[°C]: 29.1
533	464	479	435	448	455
446	395	415	410	348	399
430	349	399	355	345	399
438	405	422	399	402	418

Time [s]: 8940
T[°C]: 29.1
537	464	474	438	449	457
443	398	412	396	347	397
441	349	396	355	339	395
436	394	412	409	396	415

Time [s]: 9000
T[°C]: 29.1
530	477	476	424	444	455
441	397	407	405	344	401
441	345	401	363	347	388
430	400	413	403	405	419

Time [s]: 9060
T[°C]: 29.1
526	471	483	431	446	462
450	388	407	405	352	390
435	351	403	360	341	397
434	404	411	402	392	412

Time [s]: 9120
T[°C]: 29.1
530	469	470	428	439	445
443	399	400	409	340	399
437	349	394	360	339	387
436	394	417	407	396	411

Time [s]: 9180
T[°C]: 29.1
531	468	469	433	440	464
441	396	406	398	354	392
441	352	394	359	337	390
432	406	413	395	398	420

Time [s]: 9240
T[°C]: 29.1
530	461	478	432	443	451
445	395	414	408	351	402
436	354	396	351	339	391
434	395	411	398	391	414

Time [s]: 9300
T[°C]: 29.1
529	462	481	437	453	454
449	398	401	414	349	404
445	354	404	360	346	397
433	400	407	412	398	421

Time [s]: 9360
T[°C]: 29.1
532	467	470	422	449	440
450	396	408	397	348	399
444	354	400	356	338	392
430	406	404	406	399	422

Time [s]: 9420
T[°C]: 29.1
535	465	469	438	437	459
447	392	418	408	343	393
447	347	398	357	338	394
431	405	411	411	399	421

Time [s]: 9480
T[°C]: 29.1
533	467	467	434	440	454
449	398	415	407	353	394
438	354	400	369	334	392
434	402	409	415	404	423

Time [s]: 9540
T[°C]: 29.1
531	460	477	436	441	453
450	392	404	395	350	384
439	347	400	357	343	396
436	397	415	407	397	416

Time [s]: 9600
T[°C]: 29.1
533	460	466	428	434	455
438	386	407	401	354	403
431	346	397	359	335	389
433	397	401	402	399	425

Time [s]: 9660
T[°C]: 29.1
532	465	471	430	440	463
451	386	407	399	354	400
434	353	394	355	328	393
434	398	403	416	405	413

Time [s]: 9720
T[°C]: 29.1
540	462	471	439	452	450
450	395	410	399	353	398
439	352	407	355	339	396
436	399	407	419	407	424

Time [s]: 9780
T[°C]: 29.1
524	471	472	428	449	457
449	386	413	400	340	398
439	352	392	356	345	392
428	400	414	400	395	419

Time [s]: 9840
T[°C]: 29.1
528	462	471	425	451	448
446	397	410	399	350	398
432	358	392	360	341	401
426	392	414	412	393	426

Time [s]: 9900
T[°C]: 29.1
537	458	478	431	436	450
441	388	406	403	337	396
436	354	394	361	348	397
439	410	407	404	403	429

Time [s]: 9960
T[°C]: 29.1
537	463	480	424	443	453
439	393	412	401	350	386
434	341	395	352	340	395
431	401	407	400	403	422

Time [s]: 10020
T[°C]: 29.1
526	456	466	435	445	457
447	386	397	404	350	396
440	344	397	356	348	396
438	396	410	407	401	415

Time [s]: 10080
T[°C]: 29.1
535	468	475	430	444	460
440	395	411	405	350	395
431	352	398	357	341	393
427	405	403	410	392	416

Time [s]: 10140
T[°C]: 29.1
528	459	470	417	447	455
444	392	409	395	355	393
438	348	395	360	334	392
432	405	418	406	394	427

Time [s]: 10200
T[°C]: 29.1
527	464	469	424	443	445
449	389	409	408	357	393
436	343	392	352	348	394
 0	393	404	404	397	419

Time [s]: 10260
T[°C]: 29.1
531	461	476	433	436	455
442	393	408	399	352	388
434	357	395	363	337	390
433	400	413	410	394	413

Time [s]: 0
T[°C]:  0
 0	 0	 0	 0	 0	 0
 0	 0	 0	 0	 0	 0
 0	 0	 0	 0	 0	 0
 0	 0	 0	 0	 0	 0

Time [s]: 10380
T[°C]: 29.1
523	467	471	432	437	462
455	388	405	402	354	397
438	351	382	362	342	398
 0	402	409	401	389	412

Time [s]: 10440
T[°C]: 29.1
527	461	472	425	446	461
440	399	404	402	348	386
427	348	385	355	337	391
 0	393	408	406	396	419

Time [s]: 10500
T[°C]: 29.1
524	463	481	428	435	448
450	390	397	398	345	394
428	347	390	361	341	393
 0	396	407	407	400	425

Time [s]: 10560
T[°C]: 29.1
523	460	468	425	442	451
435	391	398	395	344	394
435	352	405	351	339	398
 0	402	416	407	390	418

Time [s]: 10620
T[°C]: 29.1
533	468	465	429	450	455
437	391	406	394	354	386
436	348	395	355	337	393
 0	392	407	414	398	415

Time [s]: 10680
T[°C]: 29.1
537	465	468	433	445	459
450	392	405	399	348	386
430	359	389	361	336	392
435	397	417	408	396	409

Time [s]: 10740
T[°C]: 29.1
520	455	467	432	439	458
444	394	408	405	354	392
430	344	389	361	338	388
 0	394	413	402	393	420

Time [s]: 10800
T[°C]: 29.1
536	458	469	419	437	456
442	394	403	408	355	380
431	344	392	358	343	387
 0	401	421	405	396	417

